=== EDA: path_c_india_fi ===
Shape: (36, 118)
Target: target_adoption  positive_rate=0.5000  (18 positives)

Missing values per column:
Series([], )

Numeric summary:
       lfpr_rur_mal_2022  lfpr_rur_fem_2022  lfpr_rur_per_2022  lfpr_urb_mal_2022  lfpr_urb_fem_2022  lfpr_urb_per_2022  lfpr_tot_mal_2022  lfpr_tot_fem_2022  lfpr_tot_per_2022  unemp_rur_mal_2022  unemp_rur_fem_2022  unemp_rur_per_2022  unemp_urb_mal_2022  unemp_urb_fem_2022  unemp_urb_per_2022  unemp_tot_mal_2022  unemp_tot_fem_2022  wag_urb_urb_2022  wag_urb_urb_ratio_2022  wag_rur_rur_2022  wag_rur_rur_ratio_2022  fem_manage_ratio_2022  wag_tot_tot_2022  wag_tot_tot_ratio_2022  wag_tot_tot_2019  unemp_tot_per_2019  unemp_tot_per_2022  tus_tot_person_domestic_mins  tus_tot_male_domestic_mins  tus_tot_female_domestic_mins  gini_rur_hh_2022  gini_urb_hh_2022  cas_wage_female_2022  cas_wage_male_2022  cas_wage_person_2022  agr_wage_person_2022  acc_per_per_2019  acc_per_per_2022  health_ins_2019  higher_ed_2021  poverty_multi_tot_2015  poverty_multi_tot_2019       Pop_2019       Pop_2021       Pop_2022  msme_credit_amt_2019  msme_credit_amt_2022  shg_loans_2019  shg_loans_2021  mgnrega_2019  mgnrega_2022  senior_help_2019  senior_help_2022  pension_nps_2019  pension_nps_2022  urb_pct_2011  urb_pct_2021  digital_payment_per_capita  num_12mo_dgt_00_22  teledensity_pct       su_ai    su_arvr      su_adv    su_space      su_agri     su_air     su_meas    su_anim     su_arch     su_art     su_auto  su_biotech     su_chem      su_cv      su_cons  su_dating   su_design      su_educ     su_saas   su_events  su_fashion   su_fintech       su_f&b  su_greentech  su_healthcare      su_hhs       su_hr        su_it  su_inlang      su_iot      su_log     su_mark    su_media  su_nanotech      su_nre       su_or   su_others    su_pass    su_pets       su_pcs  su_realestate   su_energy   su_retail    su_robot   su_safety      su_sec   su_socimp   su_socnet   su_sports     su_hard  su_telecom     su_text    su_toys  su_storage   su_travel       su_wm  target_adoption
count          36.000000          36.000000          36.000000          36.000000          36.000000          36.000000          36.000000          36.000000          36.000000           36.000000            36.00000           36.000000           36.000000           36.000000           36.000000           36.000000           36.000000         36.000000               36.000000         36.000000               36.000000              36.000000         36.000000               36.000000         36.000000           36.000000           36.000000                     36.000000                    36.00000                     36.000000         36.000000         36.000000             36.000000           36.000000             36.000000             36.000000         36.000000         36.000000        36.000000       36.000000               36.000000               36.000000      36.000000      36.000000      36.000000             36.000000             36.000000       36.000000       36.000000  3.600000e+01  3.600000e+01         36.000000         36.000000      3.600000e+01      3.600000e+01     36.000000     36.000000                   36.000000           36.000000        36.000000   36.000000  36.000000   36.000000   36.000000    36.000000  36.000000   36.000000  36.000000   36.000000  36.000000   36.000000   36.000000   36.000000  36.000000    36.000000  36.000000   36.000000    36.000000   36.000000   36.000000   36.000000    36.000000    36.000000     36.000000      36.000000   36.000000   36.000000    36.000000   36.00000   36.000000   36.000000   36.000000   36.000000    36.000000   36.000000   36.000000   36.000000  36.000000  36.000000    36.000000      36.000000   36.000000   36.000000   36.000000   36.000000   36.000000   36.000000   36.000000   36.000000   36.000000   36.000000   36.000000  36.000000   36.000000   36.000000   36.000000        36.000000
mean           83.063889          48.961111          65.936111          80.000000          31.997222          56.516667          82.183333          44.300000          63.388889            3.533333             4.35000            3.780556            5.452778            9.919444            6.805556            3.913889            4.891667         99.750000                2.524762         76.000000                1.801936               0.152889         85.694444                2.270986         70.568587            6.318627            4.250000                    152.544619                    30.90923                    276.544736          0.242389          0.277917            370.789350          491.597222            466.652778            358.729167          1.900951          2.258739        42.292778        0.624819               17.371667               10.238056   37293.777778   38064.305556   38422.111111          44821.729167          62781.534336     1966.935833     3341.836389  2.583651e+06  2.841182e+06       3030.138889       2437.361111      3.713993e+05      4.794928e+05     37.496011     43.297639                    4.691222           15.222222        79.207778   83.805556  19.416667   32.638889   46.250000   242.750000   0.777778   25.333333   4.416667   28.416667  15.611111   96.083333   16.305556   46.194444   8.833333   232.111111   3.333333   27.416667   255.666667   73.694444   19.194444   74.972222   134.194444   228.666667     91.694444     404.500000   31.555556   98.611111   499.083333   14.25000   51.805556   24.361111   81.638889   64.944444     5.972222   59.416667   39.305556  104.888889   0.888889  11.861111   219.750000      44.166667  123.500000   94.333333   20.805556   12.805556   46.555556   26.222222   24.861111   21.222222  144.694444   39.250000   75.888889  13.638889   63.944444   71.333333   36.888889         0.500000
std             4.687927          18.146031           9.696071           4.167425           9.828079           5.368666           4.426769          14.887214           7.891253            2.211141             4.85513            2.429794            2.412880            6.689045            3.418098            1.928456            4.203493         21.370708                0.470873         30.751539                0.432486               0.113526         25.589975                0.381390         23.162665            4.416374            2.373123                     20.409567                    11.64535                     34.623545          0.027119          0.035284            119.566833          131.505571            126.496884            154.614213          0.745186          1.159595        22.172724        0.155109               12.890241                8.548023   48278.593375   49374.989403   49858.455055          61927.754930          82519.016304     4346.254971     7584.096579  3.037746e+06  3.346806e+06       5276.701281       5783.489862      3.977163e+05      5.203267e+05     21.300508     23.525283                    6.889991           16.124712        25.973620  146.558973  29.261750   50.885952   74.322608   349.803241   1.914025   42.813216   8.209315   47.036384  21.431989  148.380664   24.321442   87.309571  14.379549   301.281338   5.019960   48.712201   355.181885  126.902171   28.776796  119.178494   240.040570   328.009408    140.121135     618.066178   45.373652  159.451072   717.258566   21.53187   85.054880   37.377727  121.242886  110.216137    10.739742   83.729624   57.435091  169.728317   1.389302  19.558196   332.606106      68.855335  185.903585  134.925800   32.678363   23.053750   74.786341   37.704195   38.726995   36.595949  231.437226   62.380114  114.836723  21.733651   98.460128   94.539183   53.353687         0.507093
min            68.700000           4.300000          43.600000          72.300000          13.800000          44.800000          69.700000          16.300000          46.400000            0.700000             0.00000            0.800000            0.500000            2.200000            1.400000            1.300000            0.600000         63.000000                1.706037         38.000000                1.124464               0.028000         47.000000                1.554245         44.000000            0.100000            1.400000                    113.000000                    15.00000                    217.000000          0.203000          0.209000            183.500000          252.750000            228.250000              0.000000          0.806913          0.919282         1.800000        0.358000                0.700000                0.550000      68.000000      68.000000      69.000000              0.000000              0.000000        0.000000        0.000000  0.000000e+00  0.000000e+00          0.000000          0.000000      0.000000e+00      7.090000e+02     10.000000     10.300000                    0.000000            0.000000        42.100000    0.000000   0.000000    0.000000    0.000000     0.000000   0.000000    0.000000   0.000000    0.000000   0.000000    0.000000    0.000000    0.000000   0.000000     1.000000   0.000000    0.000000     0.000000    0.000000    0.000000    0.000000     0.000000     0.000000      0.000000       0.000000    0.000000    0.000000     0.000000    0.00000    0.000000    0.000000    0.000000    0.000000     0.000000    0.000000    0.000000    0.000000   0.000000   0.000000     0.000000       0.000000    0.000000    0.000000    0.000000    0.000000    0.000000    0.000000    0.000000    0.000000    0.000000    0.000000    0.000000   0.000000    0.000000    0.000000    0.000000         0.000000
25%            80.000000          35.550000          59.000000          78.175000          25.575000          53.350000          80.125000          34.475000          58.125000            1.850000             1.17500            1.575000            3.950000            5.475000            4.500000            2.275000            2.275000         85.000000                2.224675         55.000000                1.539260               0.093000         66.250000                2.026298         52.500000            3.600000            2.350000                    139.750000                    21.75000                    248.500000          0.220500          0.252000            276.062500          396.625000            388.625000            287.687500          1.423522          1.611127        25.125000        0.503750                5.870000                3.527500    1539.500000    1585.500000    1615.250000           1262.870000           1909.349750       14.087500       18.962500  1.610922e+05  1.838428e+05          0.000000          0.000000      3.363800e+04      4.152850e+04     23.800000     26.450000                    1.232500            2.000000        60.085000    1.000000   0.000000    1.000000    0.000000    12.250000   0.000000    0.000000   0.000000    0.000000   0.000000    2.000000    1.000000    1.000000   0.000000     7.750000   0.000000    0.000000     8.000000    1.000000    0.750000    1.750000     1.000000    10.250000      2.750000      10.250000    1.000000    1.750000    13.000000    0.00000    1.000000    1.000000    2.000000    2.500000     0.000000    3.500000    1.750000    2.000000   0.000000   0.000000     6.250000       1.000000    3.500000    2.750000    0.000000    0.000000    0.750000    1.000000    0.750000    0.000000    3.500000    1.000000    2.750000   0.000000    3.000000    4.750000    0.750000         0.000000
50%            83.050000          53.600000          66.450000          80.000000          31.150000          57.200000          81.800000          44.400000          63.550000            3.300000             3.00000            3.450000            5.900000            8.450000            6.400000            4.150000            3.650000         95.000000                2.535811         66.500000                1.805096               0.128500         78.500000                2.293239         59.500000            5.500000            4.200000                    149.000000                    29.00000                    276.772350          0.238000          0.280000            348.875000          469.500000            454.500000            356.375000          1.718740          1.975756        37.225000        0.622000               13.990000                7.695000   24471.500000   25247.000000   25616.000000          22233.960000          33077.545000       85.520000      224.030000  9.531895e+05  1.015281e+06         75.000000         75.000000      2.595870e+05      3.229845e+05     29.850000     38.950000                    2.383000           11.000000        75.400000   16.500000   3.000000    9.500000    9.500000   108.000000   0.000000    5.000000   1.000000    5.000000   5.000000   27.500000    6.000000   16.500000   2.500000   126.000000   1.000000    7.000000    97.500000   12.000000    6.000000   14.000000    23.000000    93.000000     29.500000     136.000000   12.500000   27.000000   132.000000    4.00000   11.500000    5.500000   27.500000   20.500000     1.500000   44.000000   11.500000   38.000000   0.000000   2.000000    72.000000      12.000000   47.500000   32.500000    4.500000    4.000000   13.500000    8.500000    4.500000    5.000000   33.500000   11.500000   21.500000   3.000000   17.000000   37.000000   11.500000         0.500000
75%            86.600000          59.250000          72.950000          82.075000          37.400000          58.525000          84.600000          52.000000          67.650000            4.500000             5.02500            5.150000            6.875000           12.700000            8.525000            4.825000            5.825000        118.250000                2.782061         96.000000                1.970128               0.162500        104.500000                2.463069         84.250000            7.450000            5.000000                    166.000000                    38.50000                    295.266450          0.263500          0.301250            435.187500          550.687500            517.250000            400.500000          2.137892          2.522458        63.487500        0.720500               26.085000               15.340000   55815.500000   56444.250000   56688.000000          60247.500000          96301.182500      913.677500     2328.720000  4.629442e+06  5.816134e+06       5186.250000        755.000000      6.025268e+05      7.494118e+05     45.825000     49.200000                    5.427750           24.000000        89.832500   90.250000  30.000000   54.250000   40.750000   333.500000   0.000000   32.500000   5.250000   38.500000  24.250000  105.250000   27.000000   54.500000  10.750000   339.500000   5.250000   32.250000   412.500000   87.250000   25.750000  102.250000   180.750000   305.750000    115.250000     486.750000   45.500000  116.500000   630.250000   15.75000   63.750000   31.250000  115.500000   84.500000     5.250000   81.750000   57.250000  125.500000   1.000000  13.750000   306.250000      64.500000  173.500000  146.500000   24.000000   14.500000   65.000000   40.750000   38.000000   26.500000  166.250000   46.000000   87.500000  22.250000   83.250000   95.500000   55.000000         1.000000
max            93.200000          80.000000          83.400000          91.900000          51.700000          68.800000          92.700000          76.600000          81.300000           10.700000            20.90000           11.300000           12.600000           30.600000           15.100000           10.000000           19.800000        148.000000                3.750000        177.000000                3.472222               0.567000        156.000000                3.011583        121.000000           25.800000           11.100000                    202.000000                    63.00000                    366.000000          0.291000          0.338000            800.000000          846.250000            805.750000            877.000000          4.249708          6.358175        87.840000        0.949000               51.890000               33.760000  226708.000000  232301.000000  234692.000000         303670.900000         380301.200000    20397.350000    39388.420000  9.553592e+06  9.863737e+06      21175.000000      25850.000000      1.446356e+06      1.948566e+06     97.500000     99.700000                   38.481000           60.000000       161.480000  658.000000  99.000000  221.000000  286.000000  1758.000000   7.000000  173.000000  41.000000  206.000000  86.000000  669.000000   97.000000  402.000000  61.000000  1189.000000  18.000000  240.000000  1405.000000  522.000000  112.000000  466.000000  1158.000000  1538.000000    607.000000    2723.000000  190.000000  563.000000  2814.000000   82.00000  348.000000  171.000000  563.000000  553.000000    45.000000  434.000000  229.000000  752.000000   5.000000  88.000000  1380.000000     301.000000  774.000000  539.000000  136.000000  109.000000  325.000000  165.000000  143.000000  176.000000  965.000000  260.000000  368.000000  89.000000  468.000000  359.000000  225.000000         1.000000

Categorical summary (top values):
  state_ut: {'Andaman and Nicobar Islands': 1, 'Andhra Pradesh': 1, 'Arunachal Pradesh': 1, 'Assam': 1, 'Bihar': 1}